Paris 17.05.2021 15 10 15 15 14 13 11 12 | 81 71 89 68 86 79 90 72
Paris 18.05.2021 15 15 13 14 12 12 13 10 | 79 89 78 88 73 93 86 83
Paris 19.05.2021 15 14 14 12 10 12 13 15 | 68 66 67 68 68 67 67 67
Paris 20.05.2021 10 15 15 15 15 14 10 15 | 67 66 67 69 70 69 70 68
Paris 21.05.2021 13 12 11 15 16 16 14 12 | 66 71 73 51 47 45 54 62
Moscow 13.05.2021 10 15 10 15 14 18 12 13 | 73 88 65 61 60 66 75 77
Moscow 14.05.2021 20 19 11 13 18 20 15 13 | 89 62 78 81 81 84 77 65
Moscow 15.05.2021 13 11 15 10 17 17 19 11 | 79 64 70 83 72 64 81 69
Moscow 16.05.2021 14 17 17 16 12 20 20 20 | 67 65 81 66 73 69 81 75
Moscow 17.05.2021 11 20 17 18 16 15 18 20 | 81 90 79 66 65 78 71 87
Moscow 18.05.2021 16 12 10 18 16 15 11 14 | 60 81 72 72 75 72 60 88
Moscow 19.05.2021 19 23 21 16 21 16 21 18 | 90 64 85 80 84 88 84 88
Moscow 20.05.2021 21 25 23 18 17 21 15 20 | 65 69 70 69 64 63 63 62
Moscow 21.05.2021 14 14 13 13 15 17 17 13 | 85 82 76 77 69 60 46 62

